241

1114 41141 151 1931 1114444 4021 (114 χειν 4091 14116414 4841 14144114 2711
1416441 1091 84144414 14111444 2131811641111 2141 1144411811 2341 116411
161 11111111 3991 4611411141314141 4111 422r 4151 4191 43914351 4391
4411 4491 4531 4541 4561 4511 4581 11111111 4351 1111111111 223² 4111
14444414114 4101 4271 4531 4711 111411114’441111111 4531 1111444111 3941
40814421 1114441114 437144914511 144’4411114455145611144411144
4081 ενἸτυ4’4411414 3981 1464441441 4531 1444441414 4421 4471
11111114’4ανουσης 4411 1114444111 3941 1111644111· 443.. Δ

Δ’ M: 1111111 39814661 1181111 413145114541 118111 39614581
11484111 4261.

Δ · P: 41418411 631.

Θ’ Μ : 11118411 2191.

Κ’ K: 1148146146 361 41111418 114611 411 1118111414 281 1111181111 3771
11181111 961 10312651 1111811441 292139214551 1111811144 2651 11181114 4351
11181141 1341 1111811441 4551.

K’ A: 11814114 4761.

K’M: 11114 4961111111 3961 11111 19911111419514131469
46914771 418444,1 4661 4711 4184141111 3091 παρακἻμαζει 3731 4184146414
4091 4184414114 4651 11111’μη1111’1“41 4811 811841141441114 4651 ’1184141114 2821
1111841111 29911 114 8844111 2991 1118445111 2991.

KP: 4141141111 8ο.

Κ’ T: α11’114ς 4261 4181414 4781 4111ινος 4301 41811441 4801 1464181444
981 6418141111· 4631 11811111 371 118144 3341Ι 1181114251 11111111811441414 4751
1118118114 2771.

11’ X: 64114144 4131.

Λ’ B: 4864 821 1661 4486411441 3961 43714571 486141141 931 1861111111
981 11186111 4271 1186414144 38311186411114 3101118611141428511118611114
431 1581 3721 1118611 3901 1118611114 661 1118614144· 1516186114 1051
13212381 618614 1051 61486111 238v 61864 1051 12613581 618641
414 1111114141 297r 41141 97 ι

A’r: 48414 3901 4841111 4691 484ηὸ411 3721 4844611111 4631 4844-
dovae 4101 48414414 1361 48414414 2811 4844414114 388 4841441414 271 301
4612791 4841441414 2811 484111 45014611 484111114191 4841111114· 4741
4841111114 401 331631 48414111 411 4841411111 4721 48414111 1281 κεφα-
148414 Ι 1281 1114141484141 1531 1444λά84141 311 1114141484144 361 1651
29313001 11144148 Ιγιας 501111φ4,148444111 2371 1114414841411 371 odov-
1484141,1 441 14212491 3071 1144484144 271 2591 6811141414 2441 3731
681111484114ς 299148111484141 2621 (Sed 4611141444 2721) 1114841441 361
561 261111148414ς 128144110148414ς 2731 1114841414 2471 2741 2771 2991
411148 4141,1 2611 11148414 41711 4418411 4551 μου8γηθρουμ’ 2961.

 

