²33
4481444110 3884 444 4414101144 4811 444 axomes 4621 4414 4444 451r
4414 Ι 4414443· 4621 444 4404141441 3881 3901 3921 44444141014301444
41141114 4811 444 441014 4781 444 441414 4711 444 441041 4674 444
44101 4081 444 441141 1191 444 41014 4691 444 414 β41ξ’ 4221 444
11411111 406v 114 11 405v 4111 414141514191 4191 4441451145114541
455145114581114 1111111111 4111114 1111111 4151 1114 1111114551114
4141144 4711 444 ει 4811 444 141441 3881 3901 444 εις 4701 444 114
4761 444 14441001 4771444 1441414641 444 ἔμεινε· 3921444 εν 3901
4651 4791 444 εξακεσεο 3911444 ipsave· Ι 3921 444 14444111 4671 4414
mammae 4181 444 1441040084 4401 444 14144141 3321 444 1444144
3911 444 εστιν 731 1051 3911401143314711 444 14144444144611444 14
4611114 18111 4641 114 1111114 4511114 1114581114 1 181 4191
444 θεος 3891 444 θηλεια 39911111. 7 ins. 444 ἱριδι 2401 444 ἱον
191 114 111 111 19814111 4111 4441 44114461 4411 41114141 4814811
444 1144410411 411 444 1114631444 11441104 4251 444 hymn 3901 444
11111191 4451114 111 29814511 114 111111 4601114 1111111511 1811 114
44411441 3881 444 4114411 4771 444 4141 3891 444 01 4621444 0101
4111 114 111 4591 114 111111 4481 1114114681111’1111111114
411 4031 444 ’4441414081 444 ουτως 11514401444 ουτος 4211 479, 4414
111 1991 416144514561 114 11111 4191 114 11111111111111961114
1140011141 3α11 444 πειρωμενοι 4691 444 ’tewinum 4661 4414 mooe
4631 444 1119114411 389, 444 11111441 4671 444 mmmdcc 1631 444
1101011 4841 444 41414101 450' 444 ραστωνην 4444 444 01149044 4611444
111111 4111 114 1114111 4611 114 11 41114591 4611484111411
4111 415146114181 114 11 4441114 14 398r 4641 114 1114111411
444 104 2611 4511 4441144 4581 4801 4414 τοις 43514851444 τους
4641 4711 444 mv 4711444 1011104571 444 τουτων 46314414 114631
1114 τις 481 444 τινα 4631 465' 444 τινας 4771 444 14141114 470* 444
toa 432' 444 wemno: 419' 444 11444 4801 444 vno 39514671444
11111 1941 114 11111111 1911 114 111114661 114111111111171114
444401 3891 4414 ως 3941 4681 4851 444 mv 4111 1414440111 396*
4181 4351 45214541 1441411 417144444441414 4614 4641 411144 Bake
4661 411144 41114811 4641 411144 εστιν 4841 411144 4444 4601
414144 mmmmm 4631 441144 φερονται 4651 v] Ι 1144 44144444
4161 1114 11111114 4611111141 41111114 1111114191 1114 111111111
4141 1114 11111111 4151 11141111118111111 1891 11111411114681
111114 1111114611 8111111114 4121 1111114 1111114111 11114 14111111 472¹
4131134 ως 4721 4134441134 taos Ι 1144114 4441 4134411444414811441 4111444144
144 4441 4414144 1144441444 4411 414144 1410141111 4781814444411444 3941
14411434 1141141 4511 441444 4141104331 4114 44141439814114414404 4291.

 

