²45

355v 39²¹ WW’203 4271 επιφυϊλιδα 1241 1111091814 241 1111109181ος
3¹ 337v lmw‘vvl'lm' 81 Ι41 μελανφυῗλον 721 μελισσοφυλ’λον 3051 -ου

4291 1111918101 4411 μηλοφυλ’λο11 2371 1101018111 91 οξυφυλ’111 841
1111101110 91 2721 (rubrum) 11111141011111 1291· 4321 1111191111 1191
1019108101 351141314361 φυλ’λοφαρες 2741 7111001810 251 1111110081ος
3371 11111114 3831011111,1 3361.

Λ’ Μεάἵμη 4451 08117013 2691 1170871111 3881 18410114 2751 αι’μεας
1351 2391 1841111 1221 4307818μο1 296109θαῖμος 3201 1176184101 1641
οφθαΐμου 429119111’μ110 3891091601’μο1 4031 δφθαῖμοι 4181 οφθαλ’μους
4011 4531 4651 4681 ὄφθαλ’μ1ος 3861 4011 4031 0918081101] 2691 4081
1411111114 4001 4611 0911111111 131 231261271 311 13213051 31913881
3891 4091 1061141111 581 2791 3861 4401 4611 4621 1416114011 3361
1981811105 279v οφθαλ’μ111 891 961 οφθαλ’μοειδη 751 οφθαλ’μοειδως
3721 βουφθαλ’μον 131 3721 3901 6010818111 751 ζωοφθαλ’μον 131111111-
ροφθαλ’μον 411 αιμαοφθαλ’μου 401 1119618111 331 ψωροφθαλ’μ1111ς 161
1841118110 881 παλ’μος 4401 11841101 301 τελ’ματωδεσιν 1301 ελ’μιν 1161
1301 1411 249v 316r sl'pu'}141⁸' ελ’μ1ς 131 3591 1841115 2371 1841118151
701 1561 01411 3811 οἵμου 4121 4371 087141 4481 1101871011118411111-
10801 4461.

Α’Πτ 611811414521 81811111 4771 1908110111 4001 6181101014 4781
8181101001 4781 81811414 1481 10811111 161 11111015 301 1108111ος 3891 118-
1101111 3921 11811113 (1 del.) 4791 1011’1111ς 4631 11181111 4661 4701.

Α’Σι 4111114111 4371 111141 2441 4111141117 751 αἷσιν 10812491
3161 01118111 1301 10111’σι“ 1541 1181111101 361 1101181101 2721 3511
11411111 4131 1141111111 3511· 39614131111111114411.

Λ’ T: βελ’1111 1481 4118111051 2811 1181114601 41181111 3941 marma
1631 4118113· 4331 1118111 1141 μουλ’1111711 3481.

Λ’ Φ; 114111 2726911101· 3351114114 701 1111 11712491 3011
31614051 089111 941 1331 1111118901 1411 1139111 101130014641 1191110
271361 1281 15612931 3051 3861 1101111 2991 3891 afwa· 3091 11101111
86, 1331 2951 3811 arvum 131 33714431 1817111111· 1491 1801101161] 3891
«aava 4171 άὸεῗφων 4051 11180111 47214791 1181711111 46114711 118-
9111115 4711 8189111115 951 11841111 39814301436145014511 1180101 4491
10871100 43814471 10871101 10514481 1187114· 1051 1087ιὸ1 591.

M’B: αμ’β11ξου 1961 αμᾝλυωπιαις 231 411 αμίβλυῶπιας 1351 αμ’-
βλυωπουντας 1651 αμ’βλυνθεισης 4781 1μ’β11011110111ς 4671 αμ’β11110ος
4021 αμᾟλυντηρας 3891 αμ’βλυνι 281 αμβλυωτην 223r εξαμ’βλ1111111 1651
11111171 βλυῶπες 3861 148βο0110 211 (rubrum) βραμ’βης 1621 11436111-
388’ 3921433144514501 λαμ’βανει 4481 111111141’β111140814091 4221 ανα-

λαμἸβανει 881 ϋπολαμᾘανει 4461 λαμίβανιν 2831 412143014561111111041-
3·

 

