273

1561 8110 4 1410 2851 4111114010 4 01110 2651 0417111110 7 14110110 3371
4081110 17 2671 - 1114111117 4671 41011111 7 4391 1444110011 4 8014011111
3881 εν· 7 800 2981 συναντησαιεν 17 3721 8001111 7 βωμω 4711 1101181100·
81111· 4 4691 φλεγμονην 4 μυσιν 3341 βαδιζειν 4 4621 84481011· 7 4271
1100111 7 476117110001111 4 4761 008111· 174091410400111100· 7 4121 408011 7
40811 2791 (rubrum) 01101 7 ϋπνων 3991 μαλ’λον 44751 4114101117 114001
1101101· 4 811000400401 2921 111100· 4 3721 1111041101 4 1801 οιον 7 4081
σπιθαμιαιον 17 3101 11741011 7 3101 71111181140011· 4 ,8114111491 1111018401
4 1104101 81 πλασσομενον 17 11111461 1111104101· ἦ 014180 3781 1104404001. 4
1111111 3101 εξ’ 7 3811 1711αό 17 4691-11014011411 447611104411114 4
4761 ευνας 7 810 4631 εντετυχηκοτας· 4 4481 110004ος 4 111111 349141414ος
17 11401 2791 0010740080 87 110180401181ς4181 πτισανης 17 43408111 2771
πλεισταις 17 κοντοις 7 κωπαις 4671 αυτοις 4 008114111147811111λοις17111811-Ι
4014· 4821 11441ος 17 1111167111111804 7 1118404 4641 0104118ος 7 441114ς 601
011101ος 7 84411141,ἱ 7 84111ομ04 4701 ελυμος 7 111810181 411114ος 7 38211111-
0109 7 3821 4631 11801ος 14 11002931 0018001010ος 7 2971114410ος· 17 1101
2961 σχοινους 7 4721 οξους 7 11801ος 3831 ως 7 81188111 4811 11441ος 7
3511 συνεχως 4 συν 1161 8411ος 17 ταυτης· 4131.

41114 1111 7 4621 1114ος 17 4361 111011ος 17 4331 0110111117 χλωρα 4291
01101· 011 17 4101 κὰν 4 3971.

110111111ος 4704111 4331.

1784 3881 111801 484 4501 0111811111 484 4731 μεν 1784 4821 0111417811
4291100 178400 211.

1111101411141 411 4221 1104ος 1711 4761 1711100 3901 φαῖσιμίβροτου 1711100
τε 3881411 39911. 7 ins.

111111 17811011 561 81 1780111 4501.

1711111840 3351 1101171004 2371 1111404 ἦκνις 91 111041ος 1714611 14144
701184 4110401104 3891 1110411οζ0001 411174111ος 4781 04’[ν]1ν.41111-
71104761.

800801101111 1741410 1241 7111011 441110 1521 01111 4414111 4421 1418410011-
11ς 4414001104 4661 1741811110 4601 1740741011 81 1740471011 43214571 100
7971' Ιγιου 4271 φλεγομενην 44077100 4321 1101 44074100 4571 81 44108101
4801 111111 44118101 4801 1741148741 1251.

βουνιον 17101 741 αναστρεφομενων.4101 4411 τον 174011 4081 1111147114 -
μενον 17411114491 συν 17411 4691.

Ἦ.

7 1614 μεν 1781 341 17811100 391 4 1184ος 4011 4 11104 161 17 1111414
4211 4 6011114 291 4 70484 4141 4 814011 (rubrum) 4 814104 4051 4 80110-

μις 281 7 11 4001 7 144400148111111011 46514 114144 4721 4 μεντοι
1·

 

